63.940520446096656
63.56877323420074
56.13382899628253
56.13382899628253
56.50557620817844
56.13382899628253
56.50557620817844
56.13382899628253
56.13382899628253
56.13382899628253
63.56877323420074
55.01858736059479
64.68401486988847
65.4275092936803
64.31226765799256
61.71003717472119
63.56877323420074
65.05576208178438
65.79925650557621
67.28624535315986
65.79925650557621
67.65799256505576
67.65799256505576
56.13382899628253
55.762081784386616
68.40148698884758
68.77323420074349
68.77323420074349
67.65799256505576
67.65799256505576
66.17100371747212
65.4275092936803
67.65799256505576
67.28624535315986
67.28624535315986
68.02973977695167
55.762081784386616
55.762081784386616
67.28624535315986
66.54275092936803
64.68401486988847
55.762081784386616
64.31226765799256
68.02973977695167
66.91449814126393
55.762081784386616
55.762081784386616
55.762081784386616
55.762081784386616
55.762081784386616
63.19702602230483
65.05576208178438
65.05576208178438
63.940520446096656
63.940520446096656
64.31226765799256
63.56877323420074
65.79925650557621
63.940520446096656
63.940520446096656
63.940520446096656
64.68401486988847
65.4275092936803
65.4275092936803
64.31226765799256
64.31226765799256
60.22304832713755
59.10780669144982
57.99256505576208
65.05576208178438
63.940520446096656
65.79925650557621
65.79925650557621
65.4275092936803
66.54275092936803
59.85130111524163
59.10780669144982
65.4275092936803
65.79925650557621
64.31226765799256
63.940520446096656
63.940520446096656
65.05576208178438
65.05576208178438
63.940520446096656
63.56877323420074
58.36431226765799
59.10780669144982
59.10780669144982
57.24907063197026
58.7360594795539
65.4275092936803
64.68401486988847
63.56877323420074
63.940520446096656
64.31226765799256
65.05576208178438
63.940520446096656
64.68401486988847
65.4275092936803
65.4275092936803
64.68401486988847
65.79925650557621
57.99256505576208
64.68401486988847
65.05576208178438
66.54275092936803
66.54275092936803
49.814126394052046
56.13382899628253
55.01858736059479
54.646840148698885
56.87732342007435
55.01858736059479
53.90334572490706
65.79925650557621
63.56877323420074
66.54275092936803
67.65799256505576
67.28624535315986
68.40148698884758
68.40148698884758
67.28624535315986
65.4275092936803
67.65799256505576
68.40148698884758
64.68401486988847
65.4275092936803
64.31226765799256
64.68401486988847
65.4275092936803
65.05576208178438
64.31226765799256
63.940520446096656
64.31226765799256
64.68401486988847
65.4275092936803
65.05576208178438
65.4275092936803
64.68401486988847
63.940520446096656
65.4275092936803
63.56877323420074
65.05576208178438
62.825278810408925
65.4275092936803
65.79925650557621
64.31226765799256
63.56877323420074
63.940520446096656
64.68401486988847
65.05576208178438
63.19702602230483
65.05576208178438
55.762081784386616
64.68401486988847
64.31226765799256
65.79925650557621
64.68401486988847
65.4275092936803
64.68401486988847
65.05576208178438
64.68401486988847
64.68401486988847
64.68401486988847
63.19702602230483
64.68401486988847
65.05576208178438
64.31226765799256
64.68401486988847
65.4275092936803
65.4275092936803
66.17100371747212
65.4275092936803
65.05576208178438
63.940520446096656
65.05576208178438
60.22304832713755
